Gene IFIT2 
Motif	Arttu.HTR-SELEX_PFMs.Nov17_2020_AA40NCCAGTGAAND4_sig.seq_AA40NCCAGTGAAND2_sig.seq_NNCCUUAUAW_1	
Pos	A	C	G	U	
1	0.142857142857143	0.293040293040293	0.494505494505495	0.0695970695970696
2	0.0291970802919708	0.186131386861314	0.0948905109489051	0.68978102189781
3	0	0.746594005449591	0.212534059945504	0.0408719346049046
4	0.0333333333333333	0.913333333333333	0.0333333333333333	0.02
5	0.062111801242236	0.0869565217391304	0	0.850931677018634
6	0	0	0	1
7	0.858934169278997	0	0.0846394984326019	0.0564263322884013
8	0.0385964912280702	0	0	0.96140350877193
9	0.886731391585761	0	0.0647249190938511	0.0485436893203883
10	0.331034482758621	0	0.0551724137931034	0.613793103448276


Gene MAPRE1 
Motif	Arttu.HTR-SELEX_PFMs.Nov17_2020_GG40NTAGTTTAANA5_sig.seq_GG40NTAGTTTAANA4_sig.seq_NNCACGUACAGCCCUAYCUGAN_2	
Pos	A	C	G	U	
1	0.509444444444444	0.238333333333333	0.101111111111111	0.151111111111111
2	0.143333333333333	0.426666666666667	0.0855555555555556	0.344444444444444
3	0.14070351758794	0.786934673366834	0.0150753768844221	0.057286432160804
4	0.959029649595687	0	0.0274932614555256	0.0134770889487871
5	0	0.992805755395683	0	0.00719424460431655
6	0.00166481687014428	0	0.998335183129856	0
7	0.00332225913621262	0	0.00276854928017719	0.99390919158361
8	0.982456140350877	0	0.0175438596491228	0
9	0	1	0	0
10	0.915656299420137	0.0400632577754349	0	0.044280442804428
11	0	0	1	0
12	0	1	0	0
13	0	0.983534577387486	0	0.0164654226125137
14	0	0.975013579576317	0	0.0249864204236828
15	0	0.00443213296398892	0	0.995567867036011
16	0.875135135135135	0	0.120540540540541	0.00432432432432432
17	0	0.523333333333333	0	0.476666666666667
18	0	1	0	0
19	0.000554323725055432	0.0016629711751663	0.0016629711751663	0.996119733924612
20	0.0668449197860963	0.00748663101604278	0.905882352941176	0.0197860962566845
21	0.676841085271318	0.119670542635659	0.060077519379845	0.143410852713178
22	0.365	0.363333333333333	0.0838888888888889	0.187777777777778


Gene MBNL2 
Motif	Arttu.HTR-SELEX_PFMs.Nov17_2020_TT40NTACAGCAANC4_sig.seq_TT40NTACAGCAANC3_sig.seq_YGCUGCUU_1	
Pos	A	C	G	U	
1	0.146964121435143	0.417663293468261	0.031508739650414	0.403863845446182
2	0.139958278020102	0.0860989948795752	0.677413237246349	0.0965294898539731
3	0.0598352713178295	0.86531007751938	0.0234980620155039	0.0513565891472868
4	0.0439792586902247	0.267908584597657	0.00211254081044747	0.685999615901671
5	0.032520325203252	0.0214338507021434	0.880019709288002	0.0660261148066026
6	0.0193652501344809	0.960731576116192	0	0.0199031737493276
7	0.123742239349176	0.0971954613573111	0.0143438235923785	0.764718475701135
8	0.273664479850047	0.0884098719150266	0.0799750078100594	0.557950640424867


Gene MBNL2 
Motif	Arttu.HTR-SELEX_PFMs.Nov17_2020_TT40NTACAGCAANC4_sig.seq_TT40NTACAGCAANC3_sig.seq_YGCUUGCUN_1	
Pos	A	C	G	U	
1	0.150271786778888	0.39260038576188	0.0247238295633877	0.432403997895844
2	0.0453172205438066	0.032666163141994	0.888406344410876	0.0336102719033233
3	0.0217035217035217	0.963349713349713	0.00470925470925471	0.0102375102375102
4	0.132484076433121	0.0949044585987261	0.0234076433121019	0.749203821656051
5	0.155565293602103	0.142272860064271	0.0148992112182296	0.687262635115396
6	0.0740740740740741	0.0258355916892502	0.850045167118338	0.0500451671183378
7	0.0476559473072453	0.911468423091825	0.00929872142580395	0.0315769081751259
8	0.186165563740792	0.140466974653515	0.0859033587214384	0.587464102884255
9	0.290178571428571	0.103954081632653	0.174319727891156	0.431547619047619


Gene MBNL2 
Motif	Arttu.HTR-SELEX_PFMs.Nov17_2020_TT40NTACAGCAANC4_sig.seq_TT40NTACAGCAANC3_sig.seq_YGCUUNGCUU_1	
Pos	A	C	G	U	
1	0.0975024015369837	0.414985590778098	0.0240153698366955	0.463496637848223
2	0.0576112412177986	0.0444964871194379	0.857142857142857	0.0407494145199063
3	0.0445468509984639	0.937019969278034	0.00665642601126472	0.0117767537122376
4	0.166532582461786	0.0788415124698311	0.0185036202735318	0.736122284794851
5	0.274022431039709	0.0642618975447105	0.107002121855108	0.554713549560473
6	0.226899945325314	0.297430289775834	0.02843083652269	0.447238928376162
7	0.0773381294964029	0.0786870503597122	0.822841726618705	0.0211330935251799
8	0.0289321409784324	0.962651236191478	0	0.00841662283008943
9	0.179826218360408	0.0997355496788817	0.0290895353230072	0.691348696637703
10	0.267175572519084	0.0960779152408529	0.155040800210582	0.481705712029481


Gene MRTO4 
Motif	Arttu.HTR-SELEX_PFMs.Nov17_2020_CG40NTCTTGAAANB4_sig.seq_CG40NTCTTGAAANB3_sig.seq_NCCCNNAGACCACGNN_2	
Pos	A	C	G	U	
1	0.357916300848698	0.192859233245537	0.17910447761194	0.270119988293825
2	0.107490949596213	0.854358117516012	0.011417432470064	0.0267335004177109
3	0	0.983725661145016	0.00523103748910201	0.011043301365882
4	0	0.99357476635514	0	0.00642523364485981
5	0.308165057067603	0.203687445127305	0.171495463857185	0.316652033947908
6	0.451273046532046	0.113549897570969	0.304653204565408	0.130523851331577
7	0.81508584294962	0	0.0441880101322826	0.140726146918097
8	0	0	1	0
9	1	0	0	0
10	0	0.874229691876751	0	0.125770308123249
11	0	0.997661502484654	0	0.00233849751534639
12	0.995890813031993	0	0.00410918696800704	0
13	0	0.957208500861574	0	0.0427914991384262
14	0.00206124852767962	0	0.99469964664311	0.00323910482921084
15	0.584894613583138	0.168325526932084	0.21135831381733	0.0354215456674473
16	0.170667447306792	0.668911007025761	0.0974824355971897	0.0629391100702576


Gene NHP2L1 
Motif	Arttu.HTR-SELEX_PFMs.Nov17_2020_AC40NGTATGAAAND4_sig.seq_AC40NGTATGAAAND3_sig.seq_CNCNAUGAN_1	
Pos	A	C	G	U	
1	0.195681381957774	0.614107485604606	0.0640115163147793	0.126199616122841
2	0.335989998437256	0.292233161431474	0.0928270042194093	0.278949835911861
3	0.0303819444444444	0.793526785714286	0.00235615079365079	0.173735119047619
4	0.340418880900281	0.273210378243201	0.187402313222882	0.198968427633636
5	0.664072229140722	0.123806558738066	0.142694063926941	0.0694271481942715
6	0	0.0184077312471238	0	0.981592268752876
7	0.00231607629427793	0.0974114441416894	0.871798365122616	0.0284741144414169
8	0.81839109860596	0.135567208082875	0	0.0460416933111651
9	0.08890625	0.62875	0.015	0.26734375


Gene NUDT21.26-227 
Motif	Arttu.HTR-SELEX_PFMs.Nov17_2020_AG40NTGGCTAAAND4_sig.seq_AG40NTGGCTAAAND3_sig.seq_NUGUAANUGUAAN_1	
Pos	A	C	G	U	
1	0.315735694822888	0.293596730245232	0.0224795640326975	0.368188010899183
2	0	0	0.0268567639257294	0.973143236074271
3	0	0.0232945091514143	0.976705490848586	0
4	0.0230894308943089	0	0.0224390243902439	0.954471544715447
5	0.829330319299237	0.082509183385137	0	0.0881604973156259
6	0.709966134494436	0.0411223996129656	0.0130624092888244	0.235849056603774
7	0.205451448040886	0.406132879045997	0.0531516183986371	0.33526405451448
8	0	0	0	1
9	0	0	0.949530896150113	0.0504691038498868
10	0	0.0499052432090967	0.0230574857864814	0.927037271004422
11	0.776660492193702	0.0960571579783011	0.0349298756284731	0.0923524741995237
12	0.505511539786428	0.153289700310024	0.0630382363072683	0.27816052359628
13	0.318568994889267	0.257240204429302	0.0463373083475298	0.377853492333901


Gene NUDT21 
Motif	Arttu.HTR-SELEX_PFMs.Nov17_2020_AC40NGTATGAAANA4_sig.seq_AC40NGTATGAAANA3_sig.seq_NUGUAAN_1	
Pos	A	C	G	U	
1	0.305122202759998	0.182051827721119	0.0127523040908868	0.500073665427996
2	0.00626994799345463	0.00405035400093968	0	0.989679698005606
3	0.0430110679469325	0.0223118082533167	0.895492193799018	0.039184930000733
4	0.0092604563966643	0	0.00350701402805611	0.98723252957528
5	0.757355220253667	0.0762364084952329	0.00664542445169049	0.15976294679941
6	0.583466259133674	0.124103347819858	0.0197526147380486	0.27267777830842
7	0.308646825786596	0.292391055233605	0.0291065055822938	0.369855613397505


Gene NUDT21 
Motif	Arttu.HTR-SELEX_PFMs.Nov17_2020_AC40NGTATGAAANA4_sig.seq_AC40NGTATGAAANA3_sig.seq_NUGUANNNUGUAN_1	
Pos	A	C	G	U	
1	0.277027027027027	0.171921921921922	0.0130630630630631	0.537987987987988
2	0.000888888888888889	0.00681481481481482	0.00562962962962963	0.986666666666667
3	0.062109375	0.0221354166666667	0.8671875	0.0485677083333333
4	0.0170231340026189	0.00538338425723847	0.0085843154372181	0.969009166302924
5	0.720155709342561	0.0801254325259516	0.00432525951557093	0.195393598615917
6	0.530780780780781	0.137987987987988	0.00435435435435435	0.326876876876877
7	0.342192192192192	0.234234234234234	0.00615615615615616	0.417417417417417
8	0.280888755442126	0.165140369313917	0.00705599759795826	0.546914877645999
9	0.0180330142876959	0.0051324732972673	0.0529893189069219	0.923845193508115
10	0.0587856129947145	0.025783163594173	0.858579347685961	0.0568518757251515
11	0.0233270155999417	0.00116635077999708	0.0045196092724887	0.970987024347573
12	0.728505797418508	0.0645373003719099	0.0135637716035878	0.193393130605994
13	0.602342694098213	0.135455774140261	0.0175702057365971	0.244631326024929


Gene NUDT21 
Motif	Arttu.HTR-SELEX_PFMs.Nov17_2020_AC40NGTATGAAANA4_sig.seq_AC40NGTATGAAANA3_sig.seq_NUGUANNUGUAN_1	
Pos	A	C	G	U	
1	0.279468145852027	0.186883106289257	0.0132147809772412	0.520433966881475
2	0.00542290570619183	0.00178065560501821	0.00056657223796034	0.99222986645083
3	0.0493662441627752	0.0169001556593284	0.908679860647839	0.0250537395300571
4	0.00667793064606968	0.00337919382090273	0.00362056480811007	0.986322310724917
5	0.857932675484639	0.0426201973546084	0.00314927566659668	0.0962978514941563
6	0.618208516886931	0.0837820199053679	0.00571055637134932	0.292298906836352
7	0.291027732463295	0.24910277324633	0.00489396411092985	0.454975530179445
8	0.00185798529768156	0.00759350512965506	0.000242345908393247	0.99030616366427
9	0.018243661100804	0.0116728509585652	0.947665429808287	0.0224180581323438
10	0.00626657025789347	0.00441873543825821	0.00441873543825821	0.98489595886559
11	0.774954169037234	0.0558821670143498	0.00910297743220178	0.160060686516215
12	0.607276880404634	0.149534997552619	0.0183553597650514	0.224832762277696


Gene NUDT21 
Motif	Arttu.HTR-SELEX_PFMs.Nov17_2020_TC40NGTTTTGAANC4_sig.seq_TC40NGTTTTGAANC3_sig.seq_AAUGUAAA_1	
Pos	A	C	G	U	
1	0.550862372404083	0.0390707497360085	0.133755719816966	0.276311158042943
2	0.55912826009289	0.0443015362629511	0.0671668453018935	0.329403358342265
3	0	0.0193992490613267	0.00125156445556946	0.979349186483104
4	0	0	1	0
5	0	0	0.0398773006134969	0.960122699386503
6	0.86416344561016	0.0209828823854224	0.060187741579238	0.0546659304251795
7	0.717560751948647	0.0174232003668042	0.147180192572215	0.117835855112334
8	0.378476420798065	0.154292623941959	0.178476420798065	0.288754534461911


Gene PRR3.105-188 
Motif	Arttu.HTR-SELEX_PFMs.Nov17_2020_TA40NTCACTCAAND4_sig.seq_TA40NTCACTCAAND3_sig.seq_AURAGCAC_1	
Pos	A	C	G	U	
1	0.978082191780822	0.0191780821917808	0.00273972602739726	0
2	0.0105263157894737	0.0363157894736842	0.0136842105263158	0.939473684210526
3	0.407423773751657	0.0808661069376933	0.381352187361909	0.130357931948741
4	0.911644535240041	0.0510725229826353	0.0372829417773238	0
5	0.258797184900832	0.105886116442738	0.571017274472169	0.064299424184261
6	0.0330495743615423	0.893840761141713	0.0390585878818227	0.0340510766149224
7	0.483085250338295	0.198646820027064	0.180243572395129	0.138024357239513
8	0.0869267624914442	0.61088295687885	0.134839151266256	0.16735112936345


Gene PRR3.105-188 
Motif	Arttu.HTR-SELEX_PFMs.Nov17_2020_TA40NTCACTCAAND4_sig.seq_TA40NTCACTCAAND3_sig.seq_NAUAACCUC_1	
Pos	A	C	G	U	
1	0.224362958359229	0.432566811684276	0.0950901180857676	0.247980111870727
2	0.927870744373918	0	0.0190421234852856	0.0530871321407963
3	0	0	0	1
4	0.913636363636364	0	0.0261363636363636	0.0602272727272727
5	0.995049504950495	0	0	0.00495049504950495
6	0.237839908081195	0.61585599387208	0.146304098046725	0
7	0.000613120784794605	0.985898221949724	0.00797057020232986	0.00551808706315144
8	0.131079203334877	0	0.124131542380732	0.744789254284391
9	0.0624016780283167	0.843209229155742	0.0603041426324069	0.0340849501835344


Gene RPL12 
Motif	Arttu.HTR-SELEX_PFMs.Nov17_2020_TT40NTAGCAGAANA4_sig.seq_TT40NTAGCAGAANA3_sig.seq_CGAAANNNNNNNNNNNAGUAG_2	
Pos	A	C	G	U	
1	0.0522875816993464	0.830718954248366	0.116993464052288	0
2	0.127962085308057	0.182201158504476	0.675618746708794	0.014218009478673
3	0.797717184527584	0.0228281547241598	0.128091312618897	0.0513633481293595
4	0.964528301886793	0.00981132075471698	0.0060377358490566	0.019622641509434
5	0.841530054644809	0.040983606557377	0.0252732240437158	0.0922131147540984
6	0.188428459734167	0.147771696637998	0.620797498045348	0.0430023455824863
7	0.194835680751174	0.315336463223787	0.169014084507042	0.320813771517997
8	0.310398749022674	0.209538702111024	0.221266614542611	0.25879593432369
9	0.3721657544957	0.171227521501173	0.18608287724785	0.270523846755278
10	0.38810641627543	0.147104851330203	0.208137715179969	0.256651017214397
11	0.418295543393276	0.152462861610633	0.196247068021892	0.232994526974199
12	0.34585289514867	0.262910798122066	0.190140845070423	0.201095461658842
13	0.334115805946792	0.184663536776213	0.257433489827856	0.223787167449139
14	0.382329945269742	0.154026583268178	0.325254104769351	0.138389366692729
15	0.0312989045383412	0.536776212832551	0.248043818466354	0.183881064162754
16	0.595461658841941	0.0101721439749609	0.223787167449139	0.170579029733959
17	0.849598930481283	0.0441176470588235	0.0808823529411765	0.0254010695187166
18	0.0413333333333333	0.086	0.724666666666667	0.148
19	0.137492778740612	0.0317735413056037	0.130560369728481	0.700173310225303
20	0.710119047619048	0.113095238095238	0.0494047619047619	0.127380952380952
21	0.0808561236623068	0.101070154577883	0.737217598097503	0.0808561236623068


Gene RPL12 
Motif	Arttu.HTR-SELEX_PFMs.Nov17_2020_TT40NTAGCAGAANA4_sig.seq_TT40NTAGCAGAANA3_sig.seq_NUACCAANNNAGGCNAWN_2	
Pos	A	C	G	U	
1	0.165936313175577	0.282500730353491	0.338007595676307	0.213555360794625
2	0.0365939479239972	0.0642739854562515	0.124560168895144	0.774571897724607
3	0.992173913043478	0	0.00115942028985507	0.00666666666666667
4	0.00855172413793103	0.943172413793103	0.0336551724137931	0.0146206896551724
5	0.00371216447744146	0.975442604226156	0.0117075956596231	0.00913763563677898
6	0.894877267876201	0.00186766275346852	0.0648345784418356	0.0384204909284952
7	0.528231359433405	0.224277001770608	0.0635451505016722	0.183946488294314
8	0.311422728600643	0.251241600934852	0.151621384750219	0.285714285714286
9	0.266140812153082	0.187262635115396	0.110721589249197	0.435874963482325
10	0.444639205375402	0.119777972538709	0.255331580484955	0.180251241600935
11	0.435753141999625	0.194710185706246	0.0971675107859689	0.27236916150816
12	0.0304861301840154	0.0120845921450151	0.939027739631969	0.0184015380390003
13	0.00985915492957747	0.0169014084507042	0.964225352112676	0.00901408450704225
14	0.00979301135099043	0.720231471177387	0.0333852659692856	0.236590251502337
15	0.319509345794392	0.0908294392523365	0.283294392523364	0.306366822429907
16	0.732803632236095	0.0290578887627696	0.109421112372304	0.128717366628831
17	0.475826276973504	0.0305927342256214	0.0674679049440044	0.42611308385687
18	0.191352614665498	0.317849839322232	0.303534910896874	0.187262635115396


Gene RPL22 
Motif	Arttu.HTR-SELEX_PFMs.Nov17_2020_AA40NCCAGTGAANB4_sig.seq_AA40NCCAGTGAANB3_sig.seq_NNNCUUCCCAG_1	
Pos	A	C	G	U	
1	0.0756554307116105	0.565543071161049	0.0119850187265918	0.346816479400749
2	0.461019490254873	0.306596701649175	0.0644677661169415	0.16791604197901
3	0.315355805243446	0.492883895131086	0	0.191760299625468
4	0.122966818477554	0.867924528301887	0.00130123617436565	0.00780741704619388
5	0	0	0.0248538011695906	0.975146198830409
6	0	0	0	1
7	0	0.98450184501845	0	0.0154981549815498
8	0.00797679477882524	0.967367657722988	0	0.0246555474981871
9	0.00840336134453781	0.934173669467787	0	0.0574229691876751
10	1	0	0	0
11	0	0	1	0
12	0.0583717357910906	0	0.00998463901689708	0.931643625192012


Gene RPL30 
Motif	Arttu.HTR-SELEX_PFMs.Nov17_2020_AC40NGATGTTAAND4_sig.seq_AC40NGATGTTAAND3_sig.seq_NNCUCUNGAGUUACACN_2	
Pos	A	C	G	U	
1	0.185110663983903	0.702213279678068	0.0442655935613682	0.06841046277666
2	0.662650602409639	0.210843373493976	0.102409638554217	0.0240963855421687
3	0.0132325141776938	0.897920604914934	0	0.0888468809073724
4	0	0.091254752851711	0	0.908745247148289
5	0.0154142581888247	0.940269749518304	0	0.0443159922928709
6	0.0666666666666667	0.0833333333333333	0.012962962962963	0.837037037037037
7	0.0462776659959759	0.412474849094567	0.20523138832998	0.336016096579477
8	0.0746268656716418	0	0.714759535655058	0.2106135986733
9	0.974409448818898	0.00984251968503937	0.015748031496063	0
10	0	0	0.991967871485944	0.00803212851405622
11	0.172231985940246	0.0123022847100176	0.0333919156414763	0.78207381370826
12	0	0	0	1
13	0.966601178781925	0.00785854616895874	0.0255402750491159	0
14	0	0.978303747534517	0.00986193293885602	0.0118343195266272
15	0.837088388214905	0.0277296360485269	0.105719237435009	0.0294627383015598
16	0.0591304347826087	0.80695652173913	0.031304347826087	0.102608695652174
17	0.356136820925553	0.398390342052314	0.13682092555332	0.108651911468813


Gene RPL5 
Motif	Arttu.HTR-SELEX_PFMs.Nov17_2020_TG40NGACCTTAANB6_sig.seq_TG40NGACCTTAANB4_sig.seq_ACGUUGAC_1	
Pos	A	C	G	U	
1	0.768270944741533	0.0374331550802139	0.140819964349376	0.053475935828877
2	0	0.874239350912779	0.0425963488843813	0.0831643002028398
3	0.0589519650655022	0	0.941048034934498	0
4	0.195402298850575	0.117816091954023	0.0675287356321839	0.619252873563218
5	0.0857843137254902	0.144607843137255	0.241421568627451	0.528186274509804
6	0.20398773006135	0.0552147239263804	0.661042944785276	0.0797546012269939
7	0.677672955974843	0.10377358490566	0.0660377358490566	0.15251572327044
8	0	0.796672828096118	0.0757855822550832	0.127541589648799


Gene RPS12 
Motif	Arttu.HTR-SELEX_PFMs.Nov17_2020_AG40NTCGACTAAND4_sig.seq_AG40NTCGACTAAND3_sig.seq_YRAUGAN_1	
Pos	A	C	G	U	
1	0.022086397506453	0.479691228753714	0.141625675741489	0.356596697998344
2	0.325612866288451	0.0387498048196534	0.568130953000572	0.0675063758913236
3	0.875293098175145	0.0482719951065348	0.0391477214802732	0.0372871852380467
4	0.0014796693432241	0.0597194546925247	0.261250419239647	0.677550456724604
5	0	0	1	0
6	0.887072194239959	0.0533643290714193	0.0255973137026992	0.0339661629859228
7	0.153252577019393	0.700599848581911	0.032292819288335	0.11385475511036


Gene RPS12 
Motif	Arttu.HTR-SELEX_PFMs.Nov17_2020_TG40NCATATGAANA4_sig.seq_TG40NCATATGAANA3_sig.seq_YRAUGAN_1	
Pos	A	C	G	U	
1	0.017654548026595	0.461536285188853	0.188428349130004	0.332380817654548
2	0.265446006410053	0.0285913749881001	0.625043632786469	0.0809189858153778
3	0.860480804611799	0.0460566662578192	0.0241322212682448	0.0693303078621366
4	0	0.0465157646640281	0.329523724818784	0.623960510517188
5	0.0116426898628304	0.0294078287052526	0.938842422214788	0.0201070592171295
6	0.840758606225844	0.0484465350390988	0.0445815981064805	0.0662132606285766
7	0.378162639868862	0.241964222079681	0.107975197776352	0.271897940275105


Gene RPS27 
Motif	Arttu.HTR-SELEX_PFMs.Nov17_2020_TG40NCCATTTAANA4_sig.seq_TG40NCCATTTAANA3_sig.seq_ACACUCW_1	
Pos	A	C	G	U	
1	0.470861268695204	0.0711707065497679	0.240330067044868	0.21763795771016
2	0	0.812277580071174	0	0.187722419928826
3	1	0	0	0
4	0	0.748974569319114	0.0976210008203445	0.153404429860541
5	0.170694864048338	0	0.139728096676737	0.689577039274924
6	0.150632911392405	0.577848101265823	0.0430379746835443	0.228481012658228
7	0.52276707530648	0.0157618213660245	0.18476357267951	0.276707530647986


Gene SRCAP 
Motif	Arttu.HTR-SELEX_PFMs.Nov17_2020_CT40NTCTAGTAAND4_sig.seq_CT40NTCTAGTAAND3_sig.seq_NNNCAACGGUNCACCGGNNN_2	
Pos	A	C	G	U	
1	0.242531081833364	0.255334941547597	0.287622935609575	0.214511041009464
2	0.250463821892393	0.21317254174397	0.338033395176252	0.198330241187384
3	0.143254778251995	0.28650955650399	0.388569307849323	0.181666357394693
4	0.000920640765973117	0.990977720493463	0.00589210090222795	0.00220953783833548
5	0.677061469265367	0.0461769115442279	0.185007496251874	0.0917541229385307
6	0.995934208094622	0.00369617445943449	0.000369617445943449	0
7	0.000556379821958457	0.998887240356083	0.000556379821958457	0
8	0.00111090538789113	0.00111090538789113	0.997593038326236	0.000185150897981855
9	0.000925754489909276	0.000740603591927421	0.997407887428254	0.000925754489909276
10	0.21411727715768	0.0988838232982236	0.0100613111146046	0.676937588429492
11	0.392651697903136	0.260159584338467	0.0745964000742253	0.272592317684171
12	0.222267815620298	0.575160716728218	0.0439064423471481	0.158665025304336
13	0.737349397590361	0.0974397590361446	0.0573795180722892	0.107831325301205
14	0.0459061322370675	0.923090099349092	0.0078794107571086	0.0231243576567318
15	0.0023963133640553	0.992442396313364	0.00165898617511521	0.00350230414746544
16	0.00245780763558905	0.121251843355727	0.87284941831886	0.00344093068982468
17	0.00273473108477666	0.0136736554238833	0.98158614402917	0.00200546946216955
18	0.222490257932826	0.397476340694006	0.226758211170904	0.153275190202264
19	0.206122448979592	0.381076066790352	0.187755102040816	0.225046382189239
20	0.210057524587122	0.340694006309148	0.203933939506402	0.245314529597328


Gene SRCAP 
Motif	Arttu.HTR-SELEX_PFMs.Nov17_2020_CT40NTCTAGTAAND4_sig.seq_CT40NTCTAGTAAND3_sig.seq_NNNCAACGGUNNCACCGGNNN_2	
Pos	A	C	G	U	
1	0.244905566600398	0.284542743538767	0.266028827037773	0.204522862823062
2	0.236207753479125	0.22713717693837	0.352509940357853	0.184145129224652
3	0.147384118304958	0.297999254380514	0.364110848763514	0.190505778551013
4	0.00122669283611384	0.986015701668302	0.0104268891069676	0.00233071638861629
5	0.598865124399825	0.151680488869489	0.155718027062418	0.0937363596682671
6	0.996897878148654	0.000744509244323117	0.000248169748107706	0.0021094428589155
7	0	1	0	0
8	0	0.000248323814253787	0.99838589520735	0.00136578097839583
9	0.000744509244323117	0	0.998262811763246	0.000992678992430823
10	0.0901253017588229	0.0254052189906886	0.0108058397516956	0.873663639498793
11	0.413094794384396	0.232575475214312	0.108212200273326	0.246117530127966
12	0.354790605194482	0.383621225301355	0.0710823909531502	0.190505778551013
13	0.146679980029955	0.685072391412881	0.0676984523215177	0.100549176235647
14	0.790073917634636	0.070960929250264	0.0337909186906019	0.105174234424498
15	0.0403598058941887	0.952183690377559	0.000236714404071488	0.00721978932418038
16	0.00171715932785478	0.98589476266405	0.01128418986876	0.00110388813933521
17	0.0022093023255814	0.0666279069767442	0.929883720930233	0.00127906976744186
18	0.00220453153704838	0.0118799755052051	0.985548071034905	0.000367421922841396
19	0.227261431411531	0.389910536779324	0.230367793240557	0.152460238568588
20	0.182778330019881	0.402584493041749	0.184393638170974	0.230243538767396
21	0.218066600397614	0.334493041749503	0.204895626242545	0.242544731610338


Gene SUB1 
Motif	Arttu.HTR-SELEX_PFMs.Nov17_2020_CT40NGCGCTAAANB5_sig.seq_CT40NGCGCTAAANB4_sig.seq_NGUCUUCUUCN_1	
Pos	A	C	G	U	
1	0.0401188707280832	0.901931649331352	0.00742942050520059	0.050520059435364
2	0.0215827338129496	0	0.968345323741007	0.0100719424460432
3	0	0.0933333333333333	0.00933333333333333	0.897333333333333
4	0.00264900662251656	0.891390728476821	0.00397350993377483	0.101986754966887
5	0.0087719298245614	0.00730994152046784	0	0.983918128654971
6	0	0	0	1
7	0.0117474302496329	0.988252569750367	0	0
8	0	0	0	1
9	0.00291120815138282	0.0174672489082969	0	0.97962154294032
10	0	1	0	0
11	0.213967310549777	0.142644873699851	0.338781575037147	0.304606240713224


Gene TRIT1-FL 
Motif	Arttu.HTR-SELEX_PFMs.Nov17_2020_TG40NGACCTTAAUC3_sig.seq_TG40NGACCTTAAUC2_sig.seq_NNGRCUKNAAAYCGN_2	
Pos	A	C	G	U	
1	0.230860588342774	0.20153480723552	0.200301479992691	0.367303124429015
2	0.00854193312625617	0.494975333455143	0.183400328887265	0.313082404531336
3	0.00469780111326043	0.0869685365757372	0.863961154316845	0.0443725079941574
4	0.561343161343161	0.0423423423423423	0.335012285012285	0.0613022113022113
5	0	0.952421372408863	0.00634381701215154	0.041234810578985
6	0.000777107332236241	0	0	0.999222892667764
7	0.0530316191799861	0.0619788047255038	0.550773106323836	0.334216469770674
8	0.197241001279006	0.290151653572081	0.341311894756075	0.171295450392838
9	1	0	0	0
10	0.958907812922411	0.0410921870775885	0	0
11	0.999588703043597	0.000411296956402523	0	0
12	0.00254056712014424	0.325479429601705	0.100762170136043	0.571217833142108
13	0.0395739357871195	0.710473446798833	0.0899890072400591	0.159963610173989
14	0.00580916460744787	0.177829800147397	0.761434083322495	0.0549269519226601
15	0.352943863335313	0.200657744484538	0.205271091216371	0.241127300963778


Gene ZNF326-FL 
Motif	Arttu.HTR-SELEX_PFMs.Nov17_2020_AC40NGATGTTAAUC3_sig.seq_AC40NGATGTTAAUC2_sig.seq_GNNAUCCGNANCGGANNNN_2	
Pos	A	C	G	U	
1	0.0594594594594595	0.0936936936936937	0.67027027027027	0.176576576576577
2	0.0835214446952596	0.133182844243792	0.212189616252822	0.571106094808126
3	0.32579185520362	0.147058823529412	0.153846153846154	0.373303167420814
4	0.846464646464646	0	0.103030303030303	0.0505050505050505
5	0	0.032051282051282	0.0128205128205128	0.955128205128205
6	0.0109170305676856	0.96943231441048	0	0.0196506550218341
7	0.0216919739696312	0.954446854663774	0	0.0238611713665944
8	0.0430711610486891	0.0655430711610487	0.638576779026217	0.252808988764045
9	0.7313769751693	0.18961625282167	0.0158013544018059	0.0632054176072235
10	0.759358288770054	0.0855614973262032	0.0962566844919786	0.0588235294117647
11	0.776523702031603	0.18510158013544	0.0135440180586907	0.0248306997742664
12	0.076	0.828	0.026	0.07
13	0	0.0415754923413567	0.958424507658643	0
14	0.0022271714922049	0.0111358574610245	0.986636971046771	0
15	0.997747747747748	0	0.00225225225225225	0
16	0.137697516930023	0.571106094808126	0.0225733634311512	0.2686230248307
17	0.413092550790068	0.155756207674944	0.0970654627539503	0.334085778781038
18	0.388261851015801	0.160270880361174	0.182844243792325	0.2686230248307
19	0.273755656108597	0.459276018099547	0.126696832579186	0.14027149321267


Gene ZNF326-FL 
Motif	Arttu.HTR-SELEX_PFMs.Nov17_2020_AC40NGATGTTAAUC3_sig.seq_AC40NGATGTTAAUC2_sig.seq_NNNGUCCNNNGGACNNN_1	
Pos	A	C	G	U	
1	0.182033096926714	0.113475177304965	0.531914893617021	0.1725768321513
2	0.167452830188679	0.183962264150943	0.341981132075472	0.306603773584906
3	0.313679245283019	0.268867924528302	0.165094339622642	0.252358490566038
4	0.169260700389105	0.00583657587548638	0.824902723735409	0
5	0.151750972762646	0.0233463035019455	0	0.824902723735409
6	0	1	0	0
7	0.0151975683890578	0.644376899696049	0	0.340425531914894
8	0.389150943396226	0.280660377358491	0.0966981132075472	0.233490566037736
9	0.518867924528302	0.245283018867925	0.080188679245283	0.155660377358491
10	0.186320754716981	0.403301886792453	0.110849056603774	0.299528301886792
11	0.0266075388026608	0.0199556541019956	0.940133037694013	0.0133037694013304
12	0	0	0.995305164319249	0.00469483568075117
13	0.97025171624714	0	0	0.0297482837528604
14	0.0684931506849315	0.829745596868884	0.0410958904109589	0.060665362035225
15	0.155294117647059	0.364705882352941	0.327058823529412	0.152941176470588
16	0.299528301886792	0.308962264150943	0.247641509433962	0.143867924528302
17	0.143867924528302	0.577830188679245	0.0919811320754717	0.186320754716981


Gene ZNF326 
Motif	Arttu.HTR-SELEX_PFMs.Nov17_2020_CT40NCGGAGAAAUC3_sig.seq_CT40NCGGAGAAAUC2_sig.seq_GNNAUCCGNANCGGANNNN_2	
Pos	A	C	G	U	
1	0.124417353890283	0.0942990319110792	0.664754392255289	0.116529221943349
2	0.1203426124197	0.109207708779443	0.299357601713062	0.471092077087794
3	0.360873287671233	0.221318493150685	0.225599315068493	0.192208904109589
4	0.75	0.0617690058479532	0.104166666666667	0.0840643274853801
5	0.00891341256366723	0	0	0.991086587436333
6	0.00341151385927505	0.995309168443497	0	0.00127931769722815
7	0.0020746887966805	0.958921161825726	0	0.0390041493775934
8	0.0186313149408814	0.0240057327122895	0.765317090648513	0.192045861698316
9	0.543664383561644	0.270547945205479	0.112157534246575	0.0736301369863014
10	0.646626586506346	0.01937207748831	0.3249832999332	0.00901803607214429
11	0.891267123287671	0.0791952054794521	0.0158390410958904	0.0136986301369863
12	0.0197466467958271	0.809985096870343	0.0234724292101341	0.146795827123696
13	0	0.000853242320819113	0.995733788395904	0.00341296928327645
14	0.00254237288135593	0.00677966101694915	0.990677966101695	0
15	1	0	0	0
16	0.100599315068493	0.584760273972603	0.00599315068493151	0.308647260273973
17	0.195633561643836	0.254708904109589	0.208047945205479	0.341609589041096
18	0.432605905006418	0.237483953786906	0.166452717158751	0.163457424047925
19	0.146341463414634	0.541292255027813	0.108686350021395	0.203679931536157


Gene ZNF326 
Motif	Arttu.HTR-SELEX_PFMs.Nov17_2020_CT40NCGGAGAAAUC3_sig.seq_CT40NCGGAGAAAUC2_sig.seq_NNNGUCCNNNGGACNNN_1	
Pos	A	C	G	U	
1	0.151781104801239	0.132163138874548	0.560660815694373	0.15539494062984
2	0.199793495095509	0.212183789364997	0.297883324728962	0.290139390810532
3	0.330578512396694	0.288739669421488	0.236570247933884	0.144111570247934
4	0.166242578456319	0.00636132315521628	0.821458863443596	0.00593723494486853
5	0.00102722136620442	0.00308166409861325	0.00102722136620442	0.994863893168978
6	0.00411311053984576	0.995886889460154	0	0
7	0	0.68932384341637	0.00391459074733096	0.306761565836299
8	0.37551652892562	0.294938016528926	0.146177685950413	0.183367768595041
9	0.660299432111513	0.114093959731544	0.0949922560660816	0.130614352090862
10	0.203407330924109	0.352090862157976	0.119256582343831	0.325245224574084
11	0.0073782587309395	0.0255779636005903	0.952779144121987	0.014264633546483
12	0.016751269035533	0	0.983248730964467	0
13	0.994863893168978	0	0.00410888546481767	0.00102722136620442
14	0.0338000965717045	0.935296957991309	0.00482858522452921	0.0260743602124578
15	0.178110480123903	0.357253484770263	0.336086732059886	0.128549303045947
16	0.216425619834711	0.31095041322314	0.394628099173554	0.077995867768595
17	0.12551652892562	0.609504132231405	0.119318181818182	0.145661157024793


Gene ZRANB2 
Motif	Arttu.HTR-SELEX_PFMs.Nov17_2020_GT40NACGATCAANA4_sig.seq_GT40NACGATCAANA3_sig.seq_NAGGUAAGGUAA_2	
Pos	A	C	G	U	
1	0.358974358974359	0.322021116138763	0.0656108597285068	0.253393665158371
2	0.598792535675082	0.188803512623491	0.057628979143798	0.154774972557629
3	0.11287577992059	0.0697674418604651	0.682359614293817	0.134997163925128
4	0.0485003190810466	0.0421186981493299	0.837906828334397	0.0714741544352265
5	0.0624161073825503	0.0328859060402685	0.0187919463087248	0.885906040268456
6	0.926760563380282	0.0253521126760563	0.00492957746478873	0.0429577464788732
7	0.925718290119131	0.0203223545900491	0.00840925017519271	0.0455501051156272
8	0.0785175879396985	0.0358040201005025	0.810301507537688	0.0753768844221105
9	0.0288203753351206	0.0408847184986595	0.884048257372654	0.0462466487935657
10	0.0247093023255814	0.0065406976744186	0.00508720930232558	0.963662790697674
11	0.823952879581152	0.0680628272251309	0.0281413612565445	0.0798429319371728
12	0.516393442622951	0.0939890710382514	0.114754098360656	0.274863387978142


Gene ZRANB2 
Motif	Arttu.HTR-SELEX_PFMs.Nov17_2020_TG40NCCATTTAANC4_sig.seq_TG40NCCATTTAANC3_sig.seq_AAGGUAAGGUAA_2	
Pos	A	C	G	U	
1	0.518899954730647	0.135185604345858	0.116342236306021	0.229572204617474
2	0.715218226033534	0.0901702291053373	0.0535645718674005	0.141046972993728
3	0.0693305292674378	0.0157728706624606	0.85832457062741	0.0565720294426919
4	0.0345132743362832	0.0111356932153392	0.92212389380531	0.0322271386430678
5	0.0357753811825958	0.0165117143919673	0.0168092227593901	0.930903681666047
6	0.959335844415405	0.0088400338227381	0.0129910062264586	0.0188331155353986
7	0.920640862469117	0.0129520101819271	0.00823538219660103	0.0581717451523546
8	0.0601232207350754	0.0213865873521705	0.870193329084342	0.0482968628284116
9	0.0344597103601931	0.0109171927218715	0.927218715187523	0.0274043817304122
10	0.0292833483890394	0.0112917795844625	0.0164859981933153	0.942938873833183
11	0.845975558364939	0.02535468464672	0.0601208034836353	0.0685489535047057
12	0.569465124269843	0.0561218646203184	0.178215553773909	0.196197457335929


Gene PEG10 
Motif	Deb_pfm_PEG10	
Pos	A	C	G	U	
1	0.0860651140239528	0.0860651140239528	0.0860651140239528	0.741804660577299
2	0.0391407226852633	0.234341422024155	0.0391407226852633	0.687377138657849
3	0.0150347405494665	0.0150347405494665	0.0997497496628016	0.87018077443071
4	0.0150347405494665	0.0150347405494665	0.312531473926158	0.657399050167354
5	0.0150347405494665	0.102672336586623	0.867258187506888	0.0150347405494665
6	0.0150347405494665	0.0150347405494665	0.674122742009221	0.29580778208429
7	0.0611814341262706	0.0611814341262706	0.338603827210153	0.539033302802351


Gene SF3A3 
Motif	Deb_pfm_SF3A3	
Pos	A	C	G	U	
1	0.380949513912771	0.111167397240254	0.20301144147891	0.304871642696475
2	0.103241513858112	0.102869496229372	0.680602993009339	0.113285989834102
3	0.103241513858112	0.0191361750693643	0.0191361750693643	0.858486128934082
4	0.0191361750693643	0.102869496229372	0.0191361750693643	0.858858146562824
5	0.103241513858112	0.0191361750693643	0.0191361750693643	0.858486128934082
6	0.764708331798087	0.0191361750693643	0.0191361750693643	0.197019310994109
7	0.103241513858112	0.764336314169346	0.0191361750693643	0.113285989834102


Gene GAR1 
Motif	Deb_pfm_GAR1	
Pos	A	C	G	U	
1	0.244701259185687	0.358257713735744	0.334973107298265	0.062067918793063
2	0.0158662560923845	0.952401224091101	0.0158662560923845	0.0158662560923845
3	0.0158662560923845	0.0158662560923845	0.952401224091101	0.0158662560923845
4	0.0158662560923845	0.952401224091101	0.0158662560923845	0.0158662560923845
5	0.105238069566483	0.0158662560923845	0.863029410617002	0.0158662560923845
6	0.0158662560923845	0.863029410617002	0.105238069566483	0.0158662560923845
7	0.272306432062523	0.462353663521086	0.178198273105662	0.0871416367235369


Gene RPL30 
Motif	Deb_pfm_RPL30	
Pos	A	C	G	U	
1	0.699447819129235	0.0394104322753738	0.0394104322753738	0.221731317629544
2	0.872936149793807	0.0146228711092031	0.0978181020320607	0.0146228711092031
3	0.956131380716663	0.0146228711092031	0.0146228711092031	0.0146228711092031
4	0.857944248689328	0.0146228711092031	0.11281000313654	0.0146228711092031
5	0.279661754247008	0.0146228711092031	0.691092497578859	0.0146228711092031
6	0.0973568127673076	0.116500317254565	0.673332860885861	0.11281000313654
7	0.105112919118966	0.60471172716643	0.18506243222204	0.105112919118966


Gene SERBP1 
Motif	Deb_pfm_SERBP1	
Pos	A	C	G	U	
1	0.16455044230397	0.0856141773930684	0.580991696215677	0.168843690896796
2	0.0173149964058396	0.758014821075402	0.0173149964058396	0.207355190683649
3	0.0173149964058396	0.0173149964058396	0.948055015353211	0.0173149964058396
4	0.0173149964058396	0.845687415761836	0.119682595997215	0.0173149964058396
5	0.0173149964058396	0.0173149964058396	0.845687415761836	0.119682595997215
6	0.0173149964058396	0.845687415761836	0.0173149964058396	0.119682595997215
7	0.0646817565648734	0.0646817565648734	0.702256856688626	0.168379627130657


Gene ETF1 
Motif	Deb_pfm_ETF1	
Pos	A	C	G	U	
1	0.06214333125452	0.190747808705668	0.684965521396713	0.06214333125452
2	0.179683521830782	0.790913343586135	0.0147015661460803	0.0147015661460803
3	0.0147015661460803	0.955895299270836	0.0147015661460803	0.0147015661460803
4	0.0147015661460803	0.611215298072939	0.359381567343977	0.0147015661460803
5	0.0147015661460803	0.179683521830782	0.790913343586135	0.0147015661460803
6	0.0147015661460803	0.0999872471839679	0.790913343586135	0.0943978407928944
7	0.104554823711853	0.607662174434829	0.183228174767481	0.104554823711853


Gene RPL11 
Motif	Deb_pfm_RPL11	
Pos	A	C	G	U	
1	0.619019981470073	0.0670052611235538	0.246969490085226	0.0670052611235538
2	0.777967896328812	0.0442843169852124	0.133463459567552	0.0442843169852124
3	0.021392169443438	0.021392169443438	0.935823492967249	0.021392169443438
4	0.935823492967249	0.021392169443438	0.021392169443438	0.021392169443438
5	0.0442395243542113	0.0442395243542113	0.0442395243542113	0.867281436183973
6	0.489684223374465	0.0442395243542113	0.421836737163719	0.0442395243542113
7	0.183739947832793	0.0903952447807792	0.635469556035817	0.0903952447807792


Gene RPL22 
Motif	Deb_pfm_RPL22	
Pos	A	C	G	U	
1	0.0134653909357802	0.0134653909357802	0.0134653909357802	0.959603825455506
2	0.0134653909357802	0.880811967685044	0.0134653909357802	0.0922572487062426
3	0.0134653909357802	0.88414681244227	0.0134653909357802	0.0889224039490157
4	0.0134653909357802	0.692967623791504	0.280101592599782	0.0134653909357802
5	0.614175766021041	0.280101592599782	0.0922572487062426	0.0134653909357802
6	0.0134653909357802	0.0922572487062426	0.880811967685044	0.0134653909357802
7	0.111973818040844	0.192325267894341	0.489043736687513	0.206657179053101


Gene RPP25 
Motif	Deb_pfm_RPP25	
Pos	A	C	G	U	
1	0.671733203961335	0.109422266903801	0.109422266903801	0.109422266903801
2	0.359663735699212	0.0372426782268077	0.0372426782268077	0.565850909855042
3	0.958065955169463	0.0139780140655444	0.0139780140655444	0.0139780140655444
4	0.0139780140655444	0.0139780140655444	0.100523226265995	0.871520742969012
5	0.197730922412128	0.0139780140655444	0.774313046822879	0.0139780140655444
6	0.0372475980116977	0.123026816686679	0.802477988618918	0.0372475980116977
7	0.0372475980116977	0.211051759275583	0.714453046030014	0.0372475980116977


Gene NHP2L1 
Motif	Deb_pfm_NHP2L1	
Pos	A	C	G	U	
1	0.0324105963212077	0.902768214913336	0.0324105963212077	0.0324105963212077
2	0.354599432010156	0.00871203762276023	0.627976489799436	0.00871203762276023
3	0.973863884186833	0.00871203762276023	0.00871203762276023	0.00871203762276023
4	0.00871203762276023	0.00871203762276023	0.00871203762276023	0.973863884186833
5	0.00871203762276023	0.00871203762276023	0.973863884186833	0.00871203762276023
6	0.973863884186833	0.00871203762276023	0.00871203762276023	0.00871203762276023
7	0.195517291566316	0.302977774512867	0.105302550892926	0.39620238529997


Gene NUDT21 
Motif	Deb_pfm_NUDT21	
Pos	A	C	G	U	
1	0.480017281720377	0.0784939748262884	0.175851275597857	0.26563747073364
2	0.497818459241405	0.00632726528134694	0.00632726528134694	0.489527007542472
3	0.00632726528134694	0.00632726528134694	0.00632726528134694	0.981018201502532
4	0.00632726528134694	0.00632726528134694	0.981018201502532	0.00632726528134694
5	0.00632726528134694	0.00632726528134694	0.00632726528134694	0.981018201502532
6	0.981018201502532	0.00632726528134694	0.00632726528134694	0.00632726528134694
7	0.836387117821656	0.0545376263522984	0.0545376263522984	0.0545376263522984


Gene CNBP 
Motif	Deb_pfm_CNBP	
Pos	A	C	G	U	
1	0.0362717622257661	0.0362717622257661	0.89118471775313	0.0362717622257661
2	0.0122889017073057	0.0122889017073057	0.963133297352938	0.0122889017073057
3	0.766053582708644	0.0122889017073057	0.0122889017073057	0.209368616351599
4	0.0122889017073057	0.0122889017073057	0.963133297352938	0.0122889017073057
5	0.0122889017073057	0.0122889017073057	0.780881556692489	0.194540642367755
6	0.491809618181836	0.0122889017073057	0.194540642367755	0.301360840217959
7	0.332336911761953	0.0591012872846097	0.549460514603409	0.0591012872846097


Gene PURA 
Motif	Deb_pfm_PURA	
Pos	A	C	G	U	
1	0.062783122428029	0.062783122428029	0.811650627594955	0.062783122428029
2	0.950311437491924	0.0165628515413481	0.0165628515413481	0.0165628515413481
3	0.757913860889572	0.0165628515413481	0.0165628515413481	0.2089604281437
4	0.300049248405233	0.0165628515413481	0.666825040628039	0.0165628515413481
5	0.0165628515413481	0.0165628515413481	0.950311437491924	0.0165628515413481
6	0.606298767445727	0.0400339757335186	0.135730484498856	0.217936775855414
7	0.56520064980603	0.0861345466749729	0.262530255510254	0.0861345466749729


Gene NUDT16L1 
Motif	Deb_pfm_NUDT16L1	
Pos	A	C	G	U	
1	0.0370648671846822	0.0370648671846822	0.888805399145543	0.0370648671846822
2	0.093192178270478	0.0133656627329784	0.880076501235939	0.0133656627329784
3	0.271094095335072	0.0133656627329784	0.702174584171344	0.0133656627329784
4	0.852878642309138	0.0133656627329784	0.0133656627329784	0.120390037197279
5	0.0133656627329784	0.610591574775163	0.0133656627329784	0.362677104731255
6	0.0133656627329784	0.959903016773439	0.0133656627329784	0.0133656627329784
7	0.0608634051094571	0.736126770752429	0.0608634051094571	0.142146413985108


Gene MBNL2 
Motif	Deb_pfm_MBNL2	
Pos	A	C	G	U	
1	0.677926241915525	0.107357919979623	0.107357919979623	0.107357919979623
2	0.518428498765304	0.0341820406501663	0.0341820406501663	0.413207420664194
3	0.00973241029856407	0.00973241029856407	0.970802766375887	0.00973241029856407
4	0.00973241029856407	0.970802766375887	0.00973241029856407	0.00973241029856407
5	0.00973241029856407	0.00973241029856407	0.00973241029856407	0.970802766375887
6	0.00973241029856407	0.00973241029856407	0.00973241029856407	0.970802766375887
7	0.362082616750073	0.0817060360226567	0.280946356833216	0.275264989525195


Gene ZRANB2 
Motif	Deb_pfm_ZRANB2	
Pos	A	C	G	U	
1	0.765469543492647	0.0781768188315856	0.0781768188315856	0.0781768188315856
2	0.00733679784753612	0.00733679784753612	0.977989604993429	0.00733679784753612
3	0.00733679784753612	0.00733679784753612	0.977989604993429	0.00733679784753612
4	0.00733679784753612	0.00733679784753612	0.00733679784753612	0.977989604993429
5	0.977989604993429	0.00733679784753612	0.00733679784753612	0.00733679784753612
6	0.906052287670843	0.0313159047836123	0.0313159047836123	0.0313159047836123
7	0.309220041911361	0.102784276002791	0.308838160882612	0.279157518703813


Gene RPS12 
Motif	Deb_pfm_RPS12	
Pos	A	C	G	U	
1	0.132522206700559	0.327442413507867	0.316135320268659	0.223900058527673
2	0.0050400829226699	0.816602430013111	0.0050400829226699	0.173317401919412
3	0.177648894646671	0.0050400829226699	0.81227093728585	0.0050400829226699
4	0.984879749009853	0.0050400829226699	0.0050400829226699	0.0050400829226699
5	0.0050400829226699	0.0050400829226699	0.0050400829226699	0.984879749009853
6	0.0050400829226699	0.0050400829226699	0.984879749009853	0.0050400829226699
7	0.984879749009853	0.0050400829226699	0.0050400829226699	0.0050400829226699
8	0.198817157965	0.437446347262133	0.122881763179657	0.240854733090186


Gene LSM6 
Motif	Deb_pfm_LSM6	
Pos	A	C	G	U	
1	0.2988148064338	0.1095855740751	0.400387105240111	0.191212516017461
2	0.696395966442116	0.0404150465502396	0.0404150465502396	0.222773941357582
3	0.0171697603913579	0.0171697603913579	0.0171697603913579	0.94849072530403
4	0.0171697603913579	0.0171697603913579	0.0171697603913579	0.94849072530403
5	0.0171697603913579	0.0171697603913579	0.0171697603913579	0.94849072530403
6	0.100497432826238	0.0171697603913579	0.0993302394861915	0.783002573774317
7	0.796075637714103	0.0403022546328499	0.0403022546328499	0.12331985435473


Gene IFIT2 
Motif	Deb_pfm_IFIT2	
Pos	A	C	G	U	
1	0.235060864945647	0.122860506875729	0.519218118712242	0.122860506875729
2	0.546662589551654	0.0552532047097268	0.342831002140553	0.0552532047097268
3	0.77279297470075	0.00746948697763291	0.212268052568142	0.00746948697763291
4	0.00746948697763291	0.00746948697763291	0.00746948697763291	0.97759154029126
5	0.97759154029126	0.00746948697763291	0.00746948697763291	0.00746948697763291
6	0.00746948697763291	0.00746948697763291	0.00746948697763291	0.97759154029126
7	0.828423721413624	0.0571920918706381	0.0571920918706381	0.0571920918706381
8	0.227380208097837	0.13519890596956	0.228109695358736	0.409311188151394


Gene PRPF31 
Motif	Deb_pfm_PRPF31	
Pos	A	C	G	U	
1	0.313488942965873	0.137411575413937	0.325554273725833	0.223545206964648
2	0.037067770829944	0.888796684280116	0.037067770829944	0.037067770829944
3	0.0136076558740311	0.0136076558740311	0.959177031161107	0.0136076558740311
4	0.0136076558740311	0.959177031161107	0.0136076558740311	0.0136076558740311
5	0.300648835265457	0.0136076558740311	0.575711000107914	0.110032507535798
6	0.0136076558740311	0.174580998448614	0.798203688586524	0.0136076558740311
7	0.0367117122556715	0.810034359911652	0.0367117122556715	0.116542211500751
8	0.126635836586028	0.126635836586028	0.620092488760537	0.126635836586028


Gene NUPL2 
Motif	Deb_pfm_NUPL2	
Pos	A	C	G	U	
1	0.71402683958871	0.0648722697958873	0.156228624830988	0.0648722697958873
2	0.653810874936819	0.0178401144678833	0.310508901698395	0.0178401144678833
3	0.946479662167331	0.0178401144678833	0.0178401144678833	0.0178401144678833
4	0.569082025764094	0.0178401144678833	0.307119274366221	0.105958590972784
5	0.564296669530435	0.0178401144678833	0.107354319874268	0.310508901698395
6	0.745119588930826	0.219200187704388	0.0178401144678833	0.0178401144678833
7	0.22184363266607	0.0410495546766487	0.69605724912391	0.0410495546766487


Gene SSBP1 
Motif	Deb_pfm_SSBP1	
Pos	A	C	G	U	
1	0.571924642829573	0.0561253158930094	0.315824722522171	0.0561253158930094
2	0.974526573843868	0.00849114227388629	0.00849114227388629	0.00849114227388629
3	0.00849114227388629	0.00849114227388629	0.00849114227388629	0.974526573843868
4	0.00849114227388629	0.00849114227388629	0.974526573843868	0.00849114227388629
5	0.190326534935939	0.00849114227388629	0.00849114227388629	0.792691181181814
6	0.311347311748536	0.00849114227388629	0.00849114227388629	0.671670404369217
7	0.830299437343668	0.0565668554358758	0.0565668554358758	0.0565668554358758


Gene PRR3 
Motif	Deb_pfm_PRR3	
Pos	A	C	G	U	
1	0.493545185293858	0.106661589134941	0.106661589134941	0.293131638352744
2	0.880698760235166	0.0069157635722569	0.0069157635722569	0.105469709523962
3	0.0069157635722569	0.0069157635722569	0.105469709523962	0.880698760235166
4	0.806074376169128	0.0069157635722569	0.18009409359	0.0069157635722569
5	0.979252706186869	0.0069157635722569	0.0069157635722569	0.0069157635722569
6	0.28772476991213	0.105469709523962	0.599889753895293	0.0069157635722569
7	0.0069157635722569	0.979252706186869	0.0069157635722569	0.0069157635722569


Gene RPS15A 
Motif	Deb_pfm_RPS15A	
Pos	A	C	G	U	
1	0.0856679277862795	0.459019161502931	0.369644989032023	0.0856679277862795
2	0.0164554123570833	0.0164554123570833	0.950633755784394	0.0164554123570833
3	0.0164554123570833	0.0164554123570833	0.0164554123570833	0.950633755784394
4	0.950633755784394	0.0164554123570833	0.0164554123570833	0.0164554123570833
5	0.0164554123570833	0.488881921523939	0.0164554123570833	0.478207246617538
6	0.0164554123570833	0.864316900835922	0.0164554123570833	0.102772267305556
7	0.0859840397385517	0.288684970677306	0.454486083413523	0.17084489894867


Gene RPS2 
Motif	Deb_pfm_RPS2	
Pos	A	C	G	U	
1	0.0415082676207701	0.58896699816839	0.0415082676207701	0.328016469922494
2	0.0181138494199683	0.213539013563002	0.750233289680853	0.0181138494199683
3	0.0181138494199683	0.945658453823887	0.0181138494199683	0.0181138494199683
4	0.0997262579291613	0.0181138494199683	0.864046045314694	0.0181138494199683
5	0.0181138494199683	0.782067723769993	0.181704579473862	0.0181138494199683
6	0.0181138494199683	0.181704579473862	0.686733576429276	0.113447996760687
7	0.0883472555999307	0.184591591449701	0.556848820647028	0.170212331917282


Gene GTPBP10 
Motif	Deb_pfm_GTPBP10	
Pos	A	C	G	U	
1	0.113297045651229	0.573385636093613	0.200020270448694	0.113297045651229
2	0.0412768304435157	0.704300421020276	0.126257677769564	0.128165074951311
3	0.0179922453422575	0.861214969142502	0.102800545440987	0.0179922453422575
4	0.0179922453422575	0.104704069796027	0.102800545440987	0.774503144688732
5	0.0179922453422575	0.106226889280059	0.85778862530343	0.0179922453422575
6	0.0409332954443332	0.707770245267786	0.210363159059709	0.0409332954443332
7	0.0637866984759907	0.553722475309822	0.235198211513252	0.147292613849868


Gene HARS2 
Motif	Deb_pfm_HARS2	
Pos	A	C	G	U	
1	0.393309904597607	0.107059625008433	0.107059625008433	0.392570843751551
2	0.0131267151612156	0.0131267151612156	0.960619848229121	0.0131267151612156
3	0.0131267151612156	0.0131267151612156	0.0131267151612156	0.960619848229121
4	0.0131267151612156	0.0131267151612156	0.960619848229121	0.0131267151612156
5	0.579492762455409	0.0131267151612156	0.204770068255239	0.202610447840904
6	0.486798812025709	0.0131267151612156	0.202610447840904	0.297464018684939
7	0.242117484831388	0.060414989597208	0.637052533022593	0.060414989597208


